0.001
0.001
0.001
0.002
0.002
0.003
0.003
0.004
0.005
0.005
0.006
0.006
0.008
0.016
0.017
0.02
0.022
0.022
0.012
0.014
0.026
0.03
0.034
0.026
0.017
0.037
0.042
0.035
0.049
0.026
0.03
0.029
0.04
0.03
0.063
0.063
0.041
0.066
0.039
0.038
0.044
0.041
0.044
0.045
0.091
0.085
0.049
0.048
0.052
0.053
0.071
0.058
0.111
0.062
0.068
0.068
0.067
0.07
0.074
0.074
0.093
0.079
0.162
0.085
0.084
0.157
0.088
0.121
0.091
0.094
0.181
0.193
0.2
0.222
0.225
0.234
0.241
0.246
0.208
0.284
0.138
0.238
0.147
0.144
0.217
0.156
0.159
0.182
0.165
0.329
0.331
0.175
0.172
0.186
0.189
0.207
0.192
0.203
0.196
0.373
0.416
0.42
0.41
0.406
0.267
0.237
0.213
0.219
0.221
0.223
0.426
0.462
0.463
0.475
0.488
0.497
0.51
0.52
0.638
0.54
0.638
0.572
0.688
0.575
0.691
0.592
0.646
0.638
0.683
0.678
0.692
0.852
0.707
0.674
0.443
0.682
0.427
0.72
0.358
0.357
0.392
0.474
0.533
0.824
0.845
0.856
0.94
0.934
1.063
0.902
1.097
0.422
0.785
0.426
0.457
0.424
0.485
0.582
0.472
0.453
0.45
0.45
0.457
0.472
0.508
0.585
0.471
0.547
0.655
0.568
0.767
0.58
0.519
1.028
0.522
0.585
0.572
0.539
0.677
0.766
1.079
0.701
0.653
0.668
0.712
0.654
0.622
0.589
0.629
0.59
0.604
0.632
0.647
0.735
0.726
0.684
0.691
0.684
0.816
0.773
0.715
0.717
0.715
0.721
0.75
0.794
0.776
0.808
0.889
1.275
0.806
0.815
0.797
0.828
0.833
0.825
0.901
1.615
1.408
0.836
0.848
0.863
0.884
0.911
0.9
0.991
0.897
0.943
1.176
0.933
1.115
0.941
0.898
0.885
0.918
0.895
1.004
0.964
0.965
0.969
1.007
0.967
0.97
1.159
1.024
1.016
1.001
1.344
1.034
1.092
1.046
1.035
1.048
1.074
1.1
1.055
1.586
1.107
1.082
1.082
1.115
1.269
1.14
1.155
1.357
1.183
1.164
1.159
1.208
1.203
2.256
1.337
1.248
1.237
1.251
1.235
1.246
2.347
1.273
1.35
1.269
1.645
1.311
1.797
2.424
1.46
1.329
1.351
1.34
1.407
1.364
1.546
1.443
1.368
1.482
1.402
1.419
1.428
1.456
1.518
1.411
1.447
1.437
1.449
1.52
1.477
1.538
1.476
1.504
1.505
1.637
1.511
1.874
1.535
1.545
1.518
1.516
1.752
1.58
1.749
1.603
1.632
1.589
1.599
1.594
1.881
1.64
1.649
1.8
2.336
1.67
1.978
1.706
1.756
1.689
1.72
1.732
2.009
1.73
1.699
1.76
1.748
1.722
1.936
1.702
1.756
1.752
1.773
3.285
1.804
1.836
1.856
2.003
3.211
1.875
1.896
1.831
1.899
1.9
3.568
3.889
4.122
4.041
3.994
4.162
3.891
2.349
2.004
3.295
2.612
2.413
2.768
2.365
2.016
2.078
2.249
2.374
2.228
2.169
2.132
2.231
2.362
2.218
2.159
2.413
2.256
2.46
2.232
2.235
2.35
2.366
2.382
2.357
2.38
2.364
2.421
2.314
2.328
2.325
2.359
2.44
2.33
2.351
2.749
2.538
2.381
2.401
2.432
2.463
2.737
2.452
2.447
2.526
2.494
2.444
2.529
2.594
2.533
2.602
2.574
2.559
2.611
3.005
2.615
2.588
2.765
3.042
2.613
2.641
2.873
3.06
2.648
2.673
2.725
3.076
2.721
2.731
2.873
3.187
2.737
2.806
3.042
3.215
2.838
2.783
2.974
3.153
2.81
2.828
2.895
3.192
2.806
2.835
2.94
2.973
2.962
2.915
4.571
2.961
2.996
3.1
3.369
3.061
3.09
3.124
2.984
3.021
3.22
3.12
3.007
3.114
3.228
3.137
3.038
3.122
3.1
3.113
3.091
3.196
3.147
3.106
3.741
3.243
3.16
3.369
3.332
3.408
3.164
3.209
3.213
3.245
3.253
3.224
3.348
3.307
3.31
3.625
3.356
3.374
3.841
3.303
3.36
3.428
3.499
3.431
3.536
3.476
3.508
3.411
3.755
3.373
3.485
3.89
3.534
3.509
3.936
3.488
3.641
3.942
3.709
3.601
3.948
3.688
3.604
4.115
3.579
3.598
3.876
3.673
3.626
3.977
4.434
3.687
3.959
3.899
3.757
3.89
3.801
3.747
4.065
3.916
3.798
4.13
3.912
3.781
4.127
4.08
3.818
3.987
4.162
4.029
4.398
3.958
4.079
4.499
4.097
4.222
4.253
4.085
4.497
4.352
4.202
6.507
4.165
4.225
4.43
4.199
4.343
4.501
4.284
4.417
4.305
4.381
4.633
4.362
4.406
4.784
4.304
4.74
4.455
4.431
4.649
4.492
4.64
4.561
4.467
4.799
4.652
4.901
4.719
4.617
4.74
4.727
5.074
5.164
4.759
5.382
4.664
4.697
4.917
4.798
5.355
5.21
5.685
5.36
5.849
5.61
5.629
5.941
5.601
5.976
5.686
7.522
5.726
6.037
5.687
5.982
5.823
6.144
5.919
5.918
5.781
6.036
5.79
8.276
5.984
7.555
6.983
5.96
9.341
6.13
7.57
7.232
6.297
9.654
6.16
6.562
6.13
6.347
6.271
6.549
6.457
6.528
6.423
6.421
6.549
6.341
6.399
6.423
6.973
6.406
6.833
6.441
6.467
6.518
7.004
6.614
6.964
6.66
6.633
6.62
6.514
7.03
6.716
7.312
13.013
12.306
12.281
7.121
7.682
9.308
7.043
7.342
7.061
6.923
7.41
6.949
7.586
6.969
7.513
9.423
7.039
8.558
9.614
7.209
7.134
7.27
7.52
7.85
7.181
7.518
7.541
7.785
7.608
7.299
7.55
7.428
7.337
9.374
7.341
7.89
9.348
7.326
7.99
9.466
7.342
7.482
9.431
7.427
7.441
7.518
7.497
7.554
7.632
7.943
7.842
8.436
7.85
7.677
7.66
8.036
7.813
7.746
8.264
7.837
8.311
7.939
7.964
8.434
8.158
7.9
8.578
8.059
8.087
8.4
8.773
8.091
8.684
8.132
8.227
8.74
8.17
8.317
8.388
8.157
8.583
10.231
8.177
8.391
9.077
8.308
8.577
8.379
8.358
8.378
8.434
8.506
8.812
8.992
8.764
8.523
10.959
10.672
9.972
8.599
9.936
8.841
10.061
8.611
8.791
9.067
8.914
9.233
9.168
8.985
8.936
9.019
9.203
9.048
9.155
9.198
9.149
9.02
9.185
9.629
9.118
9.173
9.234
9.346
9.231
9.473
9.409
9.307
9.718
9.623
9.739
9.568
9.664
9.48
9.83
9.539
9.736
9.814
9.831
9.641
9.899
9.85
9.79
9.477
9.566
9.557
9.977
9.565
9.782
9.892
10.149
9.807
9.689
10.105
10.696
10.382
9.837
9.956
10.285
10.03
9.882
10.076
10.337
10.391
10.41
9.887
10.107
10.316
10.76
10.577
10.142
10.273
10.14
10.566
10.147
10.229
11.195
10.508
10.4
10.579
11.014
11
10.503
10.445
12.95
13.091
12.81
13.004
13.026
13.033
14.375
12.977
11.488
11.008
15.984
13.984
11.443
11.398
11.391
11.251
11.048
11.17
11.182
11.413
11.294
11.196
11.235
11.212
11.381
13.474
11.606
13.693
11.365
11.881
11.643
11.644
11.552
11.43
11.564
11.643
11.938
11.97
13.616
13.578
13.568
13.465
13.749
13.579
11.685
12.412
12.221
12.123
12.021
11.959
12.664
11.83
12.215
12.081
11.869
13.291
13.07
12.289
13.057
14.071
13.635
13.713
13.326
13.245
13.213
13.472
12.736
12.909
12.75
12.904
12.552
12.367
12.432
12.534
12.491
12.552
12.632
13.716
12.783
12.931
12.731
12.902
12.905
12.877
12.76
13.28
13.33
12.988
13.132
13.067
13.609
13.437
13.216
14.773
12.997
13.043
13.282
15.082
13.423
13.566
13.478
13.808
13.605
13.877
13.574
13.74
13.918
14.271
14.073
13.951
14.037
14.186
14.302
15.587
13.57
14.075
14.114
13.563
14.109
14.557
14.055
15.767
14.257
14.374
14.364
14.261
14.484
13.999
14.191
14.122
14.52
14.862
15.481
15.254
15.075
14.41
14.299
14.819
14.94
15.194
15.303
15.133
15.16
15.562
15.574
15.294
14.616
14.817
17.221
16.523