0.002
0.003
0.005
0.009
0.01
0.017
0.016
0.018
0.023
0.028
0.031
0.035
0.036
0.048
0.045
0.056
0.055
0.059
0.065
0.071
0.077
0.086
0.081
0.09
0.091
0.105
0.104
0.11
0.141
0.127
0.129
0.141
0.147
0.16
0.16
0.251
0.19
0.198
0.18
0.192
0.201
0.287
0.209
0.225
0.235
0.277
0.457
0.483
0.474
0.481
0.533
0.497
0.448
0.563
0.397
0.399
0.378
0.389
0.402
0.38
0.39
0.383
0.476
0.405
0.411
0.438
0.439
0.465
0.459
0.486
0.603
0.49
0.58
0.524
0.549
0.56
0.642
0.669
0.592
0.623
0.608
0.632
0.684
0.676
0.687
0.685
0.698
0.707
0.742
0.815
0.827
0.78
0.863
0.946
0.901
0.851
0.894
0.857
0.9
0.93
0.919
0.965
1.053
1.574
1.805
1.184
1.099
1.058
1.029
1.114
1.123
1.115
1.165
1.191
1.144
1.45
1.469
1.269
1.195
1.278
1.278
1.174
1.34
1.442
1.418
2.01
1.454
1.417
1.475
1.44
1.496
1.5
1.521
1.618
1.608
1.598
1.658
1.663
1.71
1.685
2.402
2.522
1.813
1.795
1.73
1.802
1.789
3.214
2.128
1.936
1.909
2.014
1.956
2.965
2.447
2.064
2.062
2.17
2.136
3.72
2.261
2.217
2.262
2.313
2.891
3.128
2.384
2.317
2.372
2.906
3.361
2.527
2.397
2.567
3.019
3.6
2.606
2.589
2.743
2.701
2.959
2.845
2.807
2.846
2.814
2.988
2.797
2.882
2.952
4.276
3.022
2.98
3.124
4.76
3.137
3.121
3.078
5.744
5.355
6.436
6.431
3.367
4.237
4.188
3.695
3.559
4.422
3.502
3.545
3.935
3.69
3.583
3.725
4.296
3.835
4.34
3.929
4.455
4.217
3.968
4.518
3.985
4.011
4.218
4.177
4.135
4.217
4.659
4.218
4.281
5.152
4.203
4.42
5.211
4.574
4.433
5.086
4.607
4.7
5.277
4.709
4.718
5.922
4.836
4.905
6.082
4.798
5.187
5.96
5.007
6.235
5.109
5.147
6.296
4.996
5.905
5.793
5.437
6.336
8.23
6.427
5.49
5.675
5.604
5.496
5.654
5.466
7.625
5.877
5.782
5.874
5.914
7.693
6.032
8.052
6.141
7.931
5.979
6.504
6.216
6.246
6.5
6.224
6.556
6.336
6.792
6.563
6.757
7.309
6.586
7.531
6.717
6.739
6.88
7.519
7.002
8.105
6.924
7.565
7.129
7.714
7.429
7.242
7.226
7.456
7.504
7.638
7.788
7.566
7.875
7.669
9.61
7.605
8.84
7.603
8.88
7.975
8.791
9.491
8.345
15.076
12.301
9.897
9.517
9.526
10.814
9.246
9.291
9.018
8.519
9.036
8.91
8.574
9.01
8.758
10.886
10.476
9.504
11.512
9.396
8.969
9.975
9.219
9.967
9.946
9.642
9.347
10.005
9.701
9.395
9.823
9.571
9.538
10.101
9.758
10.398
10.332
9.979
9.884
10.488
10.363
10.421
10.704
10.411
10.183
10.827
10.733
10.588
10.819
11.016
10.921
10.654
10.879
11.073
10.846
12.461
11.645
12.912
12.421
11.628
11.797
11.807
11.997
11.61
11.738
11.651
11.931
11.873
11.862
12.037
11.92
12.841
12.796
12.603
11.996
12.265
12.554
12.873
12.423
12.43
12.734
12.828
12.891
12.588
13.144
12.816
13.195
13.055
13.139
13.067
13.692
13.707
13.425
13.133
13.259
13.679
13.691
13.912
13.988
14.305
14.332
14.155
14.104
13.993
13.813
14.194
14.338
14.428
13.983
14.47
15.181
14.407
14.575
14.483
14.356
14.863
14.895
15.089
15.387
15.021
15.301
14.988
15.758
15.535
15.925
15.571
15.302
15.828
15.647
15.762
15.858
16.203
16.323
16.316
16.323
16.451
16.116
16.234
16.067
16.301
16.3
16.272
16.612
18.653
16.614
16.649
18.306
18.868
18.36
18.515
18.032
17.198
18.732
17.007
17.333
17.202
17.28
17.295
17.721
17.609
17.443
17.739
17.909
17.843
18.485
19.325
18.645
18.438
18.345
18.394
18.368
18.314
18.539
19.111
19.707
19.252
19.387
19.014
19.138
19.075
19.325
19.731
19.579
19.749
19.784
20.675
20.205
20.148
20.488
22.485
19.651
19.851
20.369
20.133
20.119
20.292
20.41
20.48
20.325
20.739
20.715
20.65
20.753
20.792
21.038
21.101
21.452
21.536
21.9
21.674
21.791
21.784
21.642
21.79
21.996
22.274
22.836
22.049
22.273
22.347
22.722
22.731
22.857
23.106
23.289
23.313
23.344
23.384
23.51
23.903
23.85
23.902
38.994
23.577
26.211
26.517
27.42
27.902
28.226
28.069
28.016
28.143
28.332
28.116
28.559
40.573
38.293
28.975
33.942
29.861
29.545
31.739
32.214
30.142
30.346
30.409
30.1
30.493
31.167
30.116
31.297
30.791
31.923
30.635
32.112
32.748
45.477
41.343
33.723
47.824
31.071
31.329
32.168
32.226
31.98
31.341
31.138
48.697
31.69
33.074
36.426
33.373
33.311
33.186
34.893
45.674
34.084
39.633
51.379
33.48
42.3
33.994
33.64
35.035
34.463
35.279
34.498
34.438
34.447
33.845
44.296
37.747
35.569
37.187
48.752
58.833
35.566
35.762
37.302
37.713
35.432
35.512
35.858
36.658
36.896
37.906
36.623
36.387
36.917
36.861
40.93
50.823
34.16
35.19
35.383
36.039
37.102
36.952
36.39
37.371
36.609
38.556
37.553
36.878
37.415
36.859
37.579
37.105
37.084
37.034
37.45
38.449
38.846
37.707
38.224
37.827
49.557
38.799
38.373
40.198
38.597
38.931
38.921
40.818
40.01
39.818
41.209
38.998
40.227
39.714
41.263
42.961
40.843
41.905
41.235
42.161
42.572
43.521
40.411
40.649
40.803
41.482
41.232
41.292
41.593
44.954
43.678
43.337
44.258
43.903
43.137
43.098
43.123
42.455
45.584
43.359
42.89
42.586
43.641
42.741
43.506
44.068
43.745
45.698
45.163
46.399
45.449
43.574
44.831
48.255
44.521
46.312
45.191
46.807
46.117
47.522
46.431
46.942
47.817
46.133
46.811
45.921
50.45
47.128
46.622
47.336
48.131
46.817
50.077
49.535
50.366
48.654
48.354
49.395
47.689
47.362
53.766
49.505
48.264
48.423
49.505
49.29
49.14
49.049
49.079
49.854
53.801
52.188
50.571
51.21
50.602
54.065
50.371
49.991
50.22
50.181
50.969
57.3
51.918
55.58
85.559
57.897
63.107
67.36
94.232
68.854
62.127
59.706
64.588
54.233
55.277
55.469
56.852
54.856
56.668
56.349
57.124
59.766
54.959
57.356
58.013
57.956
58.017
66.646
57.408
58.055
58.506
57.693
58.204
58.089
57.391
58.189
59.16
59.152
58.556
59.467
58.357
66.006
59.075
58.479
58.51
58.778
59.391
65.311
62.751
71.335
67.687
60.849
59.743
76.093
74.176
74.502
66.522
71.019
63.408
61.381
60.9
66.297
65.17
65.609
66.297
89.748
74.588
62.223
77.75
64.534
64.336
64.142
64.116
64.03
64.084
63.868
63.683
65.304
64.452
75.683
64.214
78.27
64.478
63.719
66.741
85.483
64.884
68.797
65.837
67.873
65.306
66.867
65.366
65.988
66.069
66.007
66.902
67.281
66.947
67.483
67.941
69.349
71.227
67.615
69.136
68.049
68.764
67.883
68.596
69.788
68.844
69.43
81.845
74.186
75.187
69.497
75.663
72.431
82.357
71.869
73.177
71.59
69.735
84.081
77.74
70.856
70.975
70.798
71.117
71.351
73.353
72.307
71.946
71.762
72.456
73.799
74.404
74.152
73.444
75.152
76.593
78.214
79.164
79.345
107.02
74.658
74.707
75.609
75.201
74.922
74.719
75.428
78.354
78.57
81.719
77.44
79.157
80.11
80.985
84.493
113.81
79.505
81.222
84.563
79.857
88.06
84.696
80.31
78.167
78.756
93.21
77.631
79.747
79.863
79.622
80.021
79.503
83.143
83.638
81.446
80.698
80.677
80.631
80.373
80.75
81.143
81.677
81.525
80.993
81.613
82.413
82.319
83.289
82.693
83.352
81.907
84.699
85.06
85.571
84.642
83.897
84.61
83.817
83.773
83.787
84.31
84.09
85.559
86.874
86.003
85.895
98.779
85.496
85.479
98.548
85.352
85.494
86.597
86.559
87.757
87.307
101.34
90.135
88.117
87.661
99.658
86.907
87.008
97.821
89.391
89.675
88.055
89.672